RAW DATA

Min: [0. 0. 0. 0. 0. 0. 0. 0.]
Max: [27053. 27106. 27334. 27068. 27273. 27496. 27618. 27409.]
Mean: [1889.57135146 1706.35570957 1829.54409057 1864.05266573 2378.13355846 1974.74770695 2309.17435277 2472.06254275]
Std:  [1926.40004038 1770.64430483 2083.48230285 1916.71983995 2008.31424611 2109.32162828 2074.35633945 2078.41143301]


CLIPPED TO 10000

Min: [0. 0. 0. 0. 0. 0. 0. 0.]
Max: [10000. 10000. 10000. 10000. 10000. 10000. 10000. 10000.]
Mean: [1884.56169544 1701.8988641  1818.49680678 1856.58051233 2364.33335501 1961.68849886 2294.99146283 2457.69823862]
Std:  [1899.72067083 1743.80445286 2020.09785262 1873.41863641 1924.71680909 2034.2549607  1992.56097028 1996.09805038]



CLIPPED TO 10000 AND TAKEN SQRT

Min: [0. 0. 0. 0. 0. 0. 0. 0.]
Max: [100. 100. 100. 100. 100. 100. 100. 100.]
Mean: [39.91732045 37.5492021  37.54950869 39.21091477 44.2665634  39.50358262 43.62563718 45.28759192]
Std:  [17.06368142 17.08672835 20.21215486 17.8629414  20.11975944 20.02886564 19.79381833 20.16760416]



NORMALIZED WITH CLIPPED TO 10000 AND TAKEN SQRT

Mean and std would be 0 and 1 respectively
Min: [-2.33931468, -2.19756535, -1.8577687 , -2.19509844, -2.20015371, -1.9723325 , -2.20400311, -2.24556133]
Max: [3.5210854 , 3.65493011, 3.0897493 , 3.40308373, 2.77008464, 3.02046149, 2.84807923, 2.71288586]